1.08478
1.09747
1.14096
1.16308
1.18639
1.21911
1.26161
1.29498
1.30304
1.34083
1.38563
1.40652
1.41113
1.41235
1.43715
1.42693
1.40861
1.39133
1.37876
1.34578
1.14359
1.15857
1.17501
1.20116
1.23081
1.26825
1.29315
1.31168
1.33633
1.35464
1.37862
1.42459
1.46242
1.47801
1.47997
1.46496
1.43298
1.42781
1.39547
1.37340
1.34665
1.33644
1.29703
1.29216
1.26000
1.25178
1.22559
1.21216
1.18791
1.17879
1.21070
1.27235
1.33991
1.38064
1.44826
1.48729
1.49903
1.49967
1.47680
1.43505
1.38695
1.34719
1.34100
1.31155
1.30030
1.27322
1.25793
1.22696
1.19153
1.17899
1.17761
1.17489
1.18413
1.20151
1.23038
1.23509
1.28202
1.32151
1.36080
1.41687
1.43262
1.45156
1.46914
1.47655
1.46677
1.43320
1.37812
1.32190
1.31157
1.28297
1.27408
1.24019
1.23230
1.19917
1.18943
1.20344
1.24547
1.30576
1.32458
1.37395
1.42545
1.43083
1.47646
1.48117
1.51585
1.51840
1.52507
1.52083
1.47119
1.45933
1.39173
1.32735
1.31169
1.28321
1.26968
1.24774
1.23920
1.20009
1.17282
1.17223